50
0.000151844
0.00153527
150
0.000369506
0.00151627
250
0.000608404
0.00162258
350
0.000852185
0.00187416
450
0.00108456
0.00190524
550
0.00132376
0.00196674
650
0.0015691
0.00204857
750
0.00180562
0.00209634
850
0.0020574
0.00211438
950
0.0023044
0.00224327
1050
0.00250979
0.0021187
1150
0.00278432
0.00221006
1250
0.00300465
0.00291135
1350
0.00327828
0.00255159
1450
0.0036346
0.00255203
1550
0.00390526
0.00280499
1650
0.00410083
0.00282655
1750
0.00448816
0.00306657
1850
0.00452652
0.00318119
1950
0.00476537
0.00317282
2050
0.00501523
0.00336625
2150
0.00519267
0.00301766
2250
0.00542407
0.00305246
2350
0.0056883
0.00315663
2450
0.00594397
0.00398744
